1334	465
1333	466
1332	466
1331	466
1330	466
1329	466
1328	466
1327	466
1326	466
1325	466
1324	466
1323	466
1322	466
1321	466
1320	466
1319	466
1318	467
1317	467
1316	467
1315	467
1314	467
1313	467
1312	467
1311	467
1310	467
1309	467
1308	467
1307	467
1306	467
1305	468
1304	468
1303	468
1302	468
1301	468
1300	468
1299	468
1298	468
1297	468
1296	468
1295	468
1294	468
1293	468
1292	468
1291	468
1290	468
1289	469
1288	469
1287	469
1286	469
1285	469
1284	469
1283	469
1282	469
1281	469
1280	470
1279	470
1278	470
1277	470
1276	470
1275	471
1274	471
1273	471
1272	471
1271	471
1270	471
1269	471
1268	472
1267	472
1266	472
1265	472
1264	472
1263	473
1262	473
1261	473
1260	473
1259	473
1258	474
1257	474
1256	474
1255	474
1254	474
1253	474
1252	474
1251	474
1250	475
1249	475
1248	475
1247	475
1246	475
1245	476
1244	476
1243	476
1242	476
1241	476
1240	476
1239	477
1238	477
1237	477
1236	477
1235	477
1234	478
1233	478
1232	478
1231	478
1230	478
1229	478
1228	478
1227	478
1226	478
1225	479
1224	479
1223	479
1222	479
1221	479
1220	479
1219	480
1218	480
1217	480
1216	480
1215	481
1214	481
1213	481
1212	481
1211	481
1210	481
1209	481
1208	481
1207	482
1206	482
1205	482
1204	482
1203	482
1202	482
1201	482
1200	482
1199	482
1198	483
1197	483
1196	483
1195	483
1194	483
1193	483
1192	483
1191	484
1190	484
1189	484
1188	484
1187	484
1186	484
1185	484
1184	484
1183	484
1182	484
1181	484
1180	484
1179	485
1178	485
1177	485
1176	485
1175	485
1174	485
1173	486
1172	486
1171	486
1170	486
1169	486
1168	486
1167	486
1166	486
1165	486
1164	487
1163	487
1162	487
1161	487
1160	487
1159	487
1158	487
1157	488
1156	488
1155	488
1154	488
1153	489
1152	489
1151	489
1150	489
1149	489
1148	489
1147	489
1146	489
1145	490
1144	490
1143	490
1142	490
1141	490
1140	490
1139	490
1138	491
1137	491
1136	491
1135	491
1134	491
1133	491
1132	491
1131	491
1130	491
1129	492
1128	492
1127	492
1126	492
1125	492
1124	492
1123	493
1122	493
1121	493
1120	493
1119	493
1118	493
1117	494
1116	494
1115	494
1114	494
1113	494
1112	494
1111	495
1110	495
1109	495
1108	495
1107	495
1106	495
1105	495
1104	495
1103	495
1102	496
1101	496
1100	496
1099	496
1098	496
1097	496
1096	497
1095	497
1094	497
1093	497
1092	497
1091	497
1090	497
1089	497
1088	497
1087	497
1086	497
1085	498
1084	498
1083	498
1082	498
1081	498
1080	498
1079	499
1078	499
1077	499
1076	499
1075	499
1074	499
1073	499
1072	500
1071	500
1070	500
1069	500
1068	500
1067	500
1066	501
1065	501
1064	501
1063	501
1062	502
1061	502
1060	502
1059	502
1058	502
1057	502
1056	503
1055	503
1054	503
1053	503
1052	503
1051	503
1050	503
1049	504
1048	504
1047	504
1046	504
1045	504
1044	505
1043	505
1042	505
1041	505
1040	505
1039	505
1038	506
1037	506
1036	506
1035	506
1034	506
1033	507
1032	507
1031	507
1030	507
1029	507
1028	507
1027	508
1026	508
1025	508
1024	508
1023	509
1022	509
1021	509
1020	509
1019	509
1018	509
1017	509
1016	510
1015	510
1014	510
1013	510
1012	510
1011	511
1010	511
1009	511
1008	511
1007	512
1006	512
1005	512
1004	512
1003	512
1002	513
1001	513
1000	513
999	514
998	514
997	514
996	514
995	515
994	515
993	515
992	515
991	516
990	516
989	516
988	517
987	517
986	517
985	518
984	518
983	518
982	518
981	519
980	519
979	519
978	519
977	520
976	520
975	520
974	520
973	521
972	521
971	521
970	522
969	522
968	522
967	522
966	523
965	523
964	523
963	523
962	524
961	524
960	524
959	525
958	525
957	525
956	526
955	526
954	526
953	527
952	527
951	527
950	527
949	528
948	528
947	528
946	529
945	529
944	529
943	530
942	530
941	530
940	531
939	531
938	531
937	532
936	532
935	532
934	533
933	533
932	534
931	534
930	534
929	535
928	535
927	535
926	536
925	536
924	537
923	537
922	537
921	537
920	538
919	538
918	539
917	539
916	540
915	540
914	540
913	540
912	541
911	541
910	542
909	542
908	542
907	543
906	543
905	543
904	544
903	544
902	544
901	545
900	545
899	546
898	546
897	546
896	547
895	547
894	548
893	548
892	549
891	549
890	549
889	550
888	550
887	550
886	551
885	551
884	551
883	552
882	552
881	552
880	553
879	553
878	554
877	554
876	555
875	555
874	555
873	556
872	556
871	557
870	557
869	558
868	558
867	559
866	559
865	559
864	560
863	560
862	561
861	561
860	561
859	562
858	562
857	562
856	563
855	563
854	564
853	564
852	564
851	565
850	565
849	566
848	566
847	567
846	567
845	567
844	568
843	568
842	569
841	569
840	569
839	570
838	570
837	571
836	571
835	571
834	572
833	572
832	573
831	573
830	573
829	574
828	574
827	574
826	574
825	575
824	575
823	575
822	576
821	577
820	577
819	577
818	578
817	578
816	578
815	578
814	579
813	579
812	580
811	580
810	580
809	580
808	580
807	581
806	581
805	581
804	581
803	582
802	582
801	582
800	583
799	583
798	583
797	584
796	584
795	584
794	584
793	585
792	585
791	585
790	585
789	586
788	586
787	587
786	587
785	587
784	588
783	588
782	588
781	588
780	589
779	589
778	589
777	589
776	589
775	590
774	590
773	590
772	590
771	591
770	591
769	591
768	591
767	591
766	592
765	592
764	592
763	592
762	593
761	593
760	593
759	593
758	594
757	594
756	594
755	594
754	594
753	595
752	595
751	595
750	595
749	595
748	595
747	596
746	596
745	596
744	597
743	597
742	597
741	597
740	597
739	597
738	598
737	598
736	598
735	599
734	599
733	599
732	599
731	599
730	600
729	600
728	600
727	600
726	600
725	600
724	601
723	601
722	601
721	601
720	601
719	601
718	601
717	601
716	601
715	601
714	602
713	602
712	603
711	603
710	604
709	604
708	604
707	604
706	604
705	605
704	606
703	606
702	606
701	607
700	608
699	608
698	609
697	609
696	610
695	610
694	611
693	611
692	612
691	612
690	613
689	613
688	614
687	614
686	615
685	615
684	615
683	616
682	616
681	616
680	616
679	616
678	616
677	616
676	617
675	618
674	619
674	620
673	621
672	622
671	623
670	624
669	624
668	625
667	625
666	626
665	626
664	626
663	627
662	627
661	628
660	628
659	629
658	629
657	630
656	630
655	630
654	631
653	631
652	631
651	631
650	632
649	632
648	632
647	633
646	634
645	634
644	634
643	635
642	635
641	635
640	636
639	636
638	636
637	636
636	636
635	637
634	637
633	638
632	638
631	639
630	640
629	641
628	642
627	643
626	644
625	645
624	645
623	646
622	646
621	646
620	647
619	648
618	648
617	649
616	649
615	650
614	650
613	651
612	652
611	652
610	653
609	653
608	653
607	654
606	654
605	655
604	655
603	656
602	656
601	657
600	657
599	658
598	659
597	659
596	660
595	660
594	661
593	662
592	662
591	663
590	664
589	664
588	665
587	666
586	666
585	667
584	668
583	669
582	669
581	670
580	670
579	671
578	672
577	672
576	673
575	674
574	675
573	675
572	676
571	677
570	677
569	678
568	679
567	680
566	681
565	681
564	682
563	683
562	683
561	684
560	685
559	686
558	686
557	687
556	688
555	689
554	690
553	691
552	691
551	692
550	693
549	694
548	695
547	695
547	696
546	697
545	697
544	698
543	699
542	700
541	700
540	701
540	702
539	703
538	703
537	704
536	705
535	706
534	707
533	708
532	708
531	709
530	710
529	711
528	712
527	713
526	714
525	715
524	716
523	717
523	718
522	719
521	720
520	721
519	721
518	722
517	723
516	724
515	725
514	726
513	727
512	728
511	729
510	730
509	731
509	732
508	733
507	734
506	735
505	736
504	737
503	738
503	739
502	740
501	741
500	742
499	743
499	744
498	745
497	746
496	747
495	748
494	749
493	750
492	751
492	752
491	753
490	754
489	755
488	756
487	757
486	758
486	759
485	760
484	761
483	762
482	763
481	764
481	765
480	766
479	767
478	768
477	769
477	770
476	771
475	772
474	773
474	774
473	775
472	776
471	777
470	778
469	779
469	780
468	781
467	782
466	783
466	784
465	785
464	786
463	787
462	788
462	789
461	790
460	791
460	792
459	793
458	794
457	795
457	796
456	797
455	798
455	799
454	800
453	801
453	802
452	803
451	804
451	805
450	806
449	807
449	808
448	809
448	810
447	811
446	812
446	813
446	814
445	815
444	816
444	817
443	818
443	819
442	820
442	821
441	822
440	823
440	824
439	825
439	826
438	827
438	828
437	829
437	830
436	831
436	832
435	833
435	834
434	835
433	836
433	837
432	838
431	839
431	840
430	841
430	842
429	843
429	844
428	845
428	846
427	847
427	848
426	849
426	850
425	851
425	852
424	853
424	854
423	855
423	856
422	857
422	858
421	859
421	860
421	861
420	862
420	863
420	864
419	865
419	866
418	867
418	868
418	869
417	870
417	871
416	872
416	873
415	874
415	875
415	876
414	877
414	878
413	879
413	880
412	881
412	882
411	883
411	884
410	885
410	886
410	887
409	888
409	889
408	890
408	891
408	892
407	893
407	894
407	895
406	896
406	897
406	898
405	899
405	900
404	901
404	902
404	903
403	904
403	905
403	906
402	907
402	908
402	909
401	910
401	911
401	912
400	913
400	914
400	915
399	916
399	917
399	918
398	919
398	920
398	921
397	922
397	923
397	924
397	925
396	926
396	927
396	928
395	929
395	930
395	931
394	932
394	933
394	934
394	935
393	936
393	937
393	938
392	939
392	940
392	941
392	942
391	943
391	944
391	945
390	946
390	947
390	948
390	949
389	950
389	951
389	952
389	953
389	954
389	955
388	956
388	957
388	958
388	959
388	960
387	961
387	962
387	963
387	964
387	965
386	966
386	967
386	968
386	969
386	970
386	971
386	972
385	973
385	974
385	975
385	976
385	977
385	978
384	979
384	980
384	981
384	982
384	983
384	984
383	985
383	986
383	987
383	988
383	989
383	990
383	991
383	992
383	993
383	994
383	995
382	996
382	997
382	998
382	999
382	1000
382	1001
382	1002
382	1003
382	1004
381	1005
381	1006
381	1007
381	1008
381	1009
381	1010
381	1011
381	1012
381	1013
381	1014
381	1015
380	1016
380	1017
380	1018
380	1019
380	1020
380	1021
380	1022
380	1023
380	1024
380	1025
380	1026
380	1027
379	1028
379	1029
379	1030
379	1031
379	1032
379	1033
379	1034
379	1035
379	1036
379	1037
379	1038
378	1039
378	1040
378	1041
378	1042
378	1043
378	1044
378	1045
378	1046
378	1047
377	1048
377	1049
377	1050
377	1051
377	1052
377	1053
377	1054
377	1055
377	1056
377	1057
377	1058
376	1059
376	1060
376	1061
376	1062
376	1063
376	1064
376	1065
376	1066
376	1067
376	1068
376	1069
376	1070
376	1071
376	1072
376	1073
376	1074
376	1075
376	1076
376	1077
376	1078
376	1079
375	1080
375	1081
375	1082
375	1083
375	1084
375	1085
375	1086
375	1087
375	1088
375	1089
375	1090
375	1091
375	1092
375	1093
375	1094
375	1095
375	1096
375	1097
375	1098
375	1099
375	1100
375	1101
375	1102
375	1103
375	1104
375	1105
375	1106
375	1107
375	1108
375	1109
375	1110
375	1111
375	1112
375	1113
375	1114
375	1115
375	1116
375	1117
375	1118
375	1119
375	1120
375	1121
375	1122
375	1123
375	1124
375	1125
375	1126
375	1127
375	1128
375	1129
375	1130
375	1131
375	1132
375	1133
375	1134
375	1135
375	1136
375	1137
375	1138
375	1139
375	1140
375	1141
375	1142
375	1143
375	1144
376	1145
376	1146
376	1147
376	1148
376	1149
376	1150
376	1151
376	1152
376	1153
376	1154
376	1155
376	1156
376	1157
376	1158
376	1159
376	1160
376	1161
377	1162
377	1163
377	1164
377	1165
377	1166
377	1167
377	1168
377	1169
377	1170
377	1171
377	1172
377	1173
377	1174
377	1175
378	1176
378	1177
378	1178
378	1179
378	1180
378	1181
378	1182
378	1183
378	1184
379	1185
379	1186
379	1187
379	1188
379	1189
379	1190
379	1191
379	1192
379	1193
380	1194
380	1195
380	1196
380	1197
380	1198
380	1199
380	1200
381	1201
381	1202
381	1203
381	1204
381	1205
381	1206
381	1207
382	1208
382	1209
382	1210
382	1211
382	1212
382	1213
383	1214
383	1215
383	1216
383	1217
383	1218
384	1219
384	1220
384	1221
384	1222
384	1223
384	1224
385	1225
385	1226
385	1227
385	1228
385	1229
385	1230
386	1231
386	1232
386	1233
386	1234
386	1235
387	1236
387	1237
387	1238
387	1239
387	1240
387	1241
388	1242
388	1243
388	1244
388	1245
388	1246
389	1247
389	1248
389	1249
389	1250
389	1251
389	1252
390	1253
390	1254
390	1255
390	1256
391	1257
391	1258
391	1259
391	1260
391	1261
391	1262
392	1263
392	1264
392	1265
392	1266
393	1267
393	1268
393	1269
393	1270
394	1271
394	1272
394	1273
394	1274
394	1275
395	1276
395	1277
395	1278
395	1279
395	1280
396	1281
396	1282
396	1283
397	1284
397	1285
397	1286
397	1287
398	1288
398	1289
398	1290
399	1291
399	1292
399	1293
400	1294
400	1295
400	1296
400	1297
400	1298
401	1299
401	1300
401	1301
402	1302
402	1303
402	1304
403	1305
403	1306
403	1307
403	1308
404	1309
404	1310
404	1311
405	1312
405	1313
406	1314
406	1315
406	1316
406	1317
407	1318
407	1319
407	1320
407	1321
408	1322
408	1323
408	1324
408	1325
409	1326
409	1327
409	1328
410	1329
410	1330
410	1331
411	1332
411	1333
411	1334
411	1335
412	1336
412	1337
412	1338
413	1339
413	1340
413	1341
414	1342
414	1343
414	1344
415	1345
415	1346
416	1347
416	1348
416	1349
416	1350
417	1351
417	1352
417	1353
418	1354
418	1355
418	1356
419	1357
419	1358
419	1359
420	1360
420	1361
420	1362
421	1363
421	1364
422	1365
422	1366
422	1367
422	1368
423	1369
423	1370
423	1371
424	1372
424	1373
424	1374
425	1375
425	1376
426	1377
426	1378
427	1379
427	1380
427	1381
428	1382
428	1383
428	1384
429	1385
429	1386
430	1387
430	1388
431	1389
431	1390
432	1391
432	1392
432	1393
433	1394
433	1395
433	1396
434	1397
434	1398
435	1399
435	1400
436	1401
436	1402
437	1403
437	1404
437	1405
438	1406
438	1407
438	1408
439	1409
439	1410
440	1411
440	1412
441	1413
441	1414
442	1415
442	1416
442	1417
442	1418
443	1419
443	1420
444	1421
444	1422
445	1423
445	1424
446	1425
446	1426
447	1427
447	1428
447	1429
448	1430
448	1431
449	1432
450	1433
450	1434
450	1435
451	1436
451	1437
451	1438
452	1439
453	1440
453	1441
453	1442
454	1443
454	1444
455	1445
455	1446
456	1447
456	1448
457	1449
457	1450
457	1451
458	1452
458	1453
459	1454
459	1455
459	1456
460	1457
460	1458
460	1459
461	1460
461	1461
462	1462
462	1463
463	1464
463	1465
463	1466
464	1467
464	1468
465	1469
465	1470
465	1471
466	1472
466	1473
467	1474
467	1475
468	1476
468	1477
468	1478
469	1479
469	1480
470	1481
470	1482
470	1483
471	1484
471	1485
472	1486
472	1487
472	1488
473	1489
473	1490
473	1491
474	1492
474	1493
475	1494
475	1495
475	1496
476	1497
476	1498
477	1499
477	1500
477	1501
478	1502
478	1503
479	1504
479	1505
480	1506
480	1507
481	1508
481	1509
481	1510
482	1511
482	1512
483	1513
483	1514
483	1515
484	1516
484	1517
484	1518
485	1519
485	1520
485	1521
486	1522
486	1523
487	1524
487	1525
488	1526
488	1527
488	1528
489	1529
489	1530
489	1531
490	1532
490	1533
491	1534
491	1535
492	1536
492	1537
492	1538
493	1539
493	1540
494	1541
494	1542
494	1543
495	1544
495	1545
496	1546
496	1547
497	1548
497	1549
497	1550
498	1551
499	1552
499	1553
499	1554
500	1555
500	1556
500	1557
501	1558
501	1559
501	1560
502	1561
503	1562
503	1563
503	1564
504	1565
504	1566
505	1567
505	1568
505	1569
506	1570
506	1571
507	1572
507	1573
508	1574
508	1575
509	1576
509	1577
509	1578
510	1579
510	1580
511	1581
512	1582
512	1583
513	1584
513	1585
514	1586
514	1587
515	1588
515	1589
516	1590
516	1591
516	1592
517	1593
517	1594
518	1595
518	1596
519	1597
519	1598
520	1599
520	1600
521	1601
521	1602
522	1603
522	1604
523	1605
523	1606
523	1607
524	1608
524	1609
525	1610
526	1611
526	1612
526	1613
527	1614
528	1615
528	1616
529	1617
530	1618
530	1619
531	1620
531	1621
532	1622
532	1623
533	1624
534	1625
534	1626
535	1627
536	1628
536	1629
537	1630
537	1631
538	1632
538	1633
539	1634
539	1635
540	1636
541	1637
541	1638
542	1639
542	1640
543	1641
543	1642
544	1643
545	1644
545	1645
546	1646
547	1647
547	1648
548	1649
548	1650
549	1651
550	1652
550	1653
551	1654
552	1655
552	1656
553	1657
554	1658
554	1659
555	1660
555	1661
556	1662
556	1663
557	1664
557	1665
558	1666
559	1667
559	1668
560	1669
561	1670
562	1671
562	1672
563	1673
563	1674
564	1675
564	1676
565	1677
566	1678
566	1679
567	1680
568	1681
569	1682
569	1683
570	1684
570	1685
571	1686
572	1687
573	1688
573	1689
574	1690
575	1691
575	1692
576	1693
577	1694
577	1695
578	1696
579	1697
580	1698
580	1699
581	1700
582	1701
582	1702
583	1703
584	1704
584	1705
585	1706
586	1707
587	1708
587	1709
588	1710
589	1711
590	1712
590	1713
591	1714
592	1715
593	1716
594	1717
594	1718
595	1719
596	1720
597	1721
597	1722
598	1723
599	1724
600	1725
601	1726
601	1727
602	1728
603	1729
604	1730
604	1731
605	1732
606	1733
607	1734
608	1735
609	1736
609	1737
610	1738
611	1739
612	1740
612	1741
613	1742
614	1743
615	1744
616	1745
617	1746
618	1747
619	1748
620	1749
620	1750
621	1751
622	1752
622	1753
623	1754
624	1755
625	1756
626	1757
627	1758
627	1759
628	1760
629	1761
630	1762
631	1763
631	1764
632	1765
633	1766
634	1767
635	1768
636	1769
637	1770
637	1771
638	1772
639	1773
640	1774
641	1775
642	1776
643	1777
644	1778
645	1779
646	1780
647	1781
648	1782
649	1783
650	1784
651	1785
652	1786
653	1787
654	1788
655	1789
656	1790
657	1791
657	1792
658	1793
659	1794
660	1795
661	1796
662	1797
663	1797
664	1798
665	1799
666	1800
667	1801
668	1802
669	1803
670	1804
671	1805
672	1806
673	1807
674	1808
675	1809
676	1810
677	1811
678	1812
679	1813
680	1814
681	1815
682	1816
683	1817
684	1817
685	1818
686	1819
687	1820
688	1821
689	1822
690	1823
691	1824
692	1824
693	1825
694	1826
695	1827
696	1828
697	1829
698	1830
699	1831
700	1832
701	1833
702	1834
703	1834
704	1835
705	1836
706	1837
707	1838
708	1839
709	1840
710	1841
711	1841
712	1842
713	1843
714	1844
715	1845
716	1846
717	1847
718	1847
719	1848
720	1848
721	1849
722	1850
723	1851
724	1852
725	1852
726	1853
727	1854
728	1855
729	1856
730	1857
731	1857
732	1858
733	1859
734	1860
735	1860
736	1861
737	1862
738	1863
739	1863
740	1864
741	1865
742	1866
743	1866
744	1867
745	1868
746	1868
747	1869
748	1870
749	1871
750	1872
751	1872
752	1873
753	1874
754	1874
755	1875
756	1876
757	1876
758	1877
759	1877
760	1878
761	1879
762	1879
763	1880
764	1881
765	1881
766	1882
767	1883
768	1883
769	1884
770	1884
771	1885
772	1886
773	1886
774	1887
775	1887
776	1888
777	1889
778	1889
779	1890
780	1891
781	1891
782	1892
783	1892
784	1893
785	1894
786	1894
787	1895
788	1895
789	1896
790	1896
791	1897
792	1897
793	1898
794	1899
795	1899
796	1900
797	1900
798	1901
799	1901
800	1902
801	1903
802	1903
803	1904
804	1904
805	1905
806	1905
807	1906
808	1906
809	1907
810	1907
811	1908
812	1908
813	1909
814	1909
815	1910
816	1911
817	1911
818	1911
819	1912
820	1912
821	1913
822	1913
823	1914
824	1914
825	1915
826	1915
827	1916
828	1916
829	1917
830	1917
831	1918
832	1918
833	1919
834	1919
835	1920
836	1920
837	1921
838	1921
839	1922
840	1922
841	1923
842	1923
843	1924
844	1924
845	1924
846	1925
847	1925
848	1926
849	1926
850	1927
851	1927
852	1928
853	1928
854	1929
855	1929
856	1930
857	1930
858	1930
859	1931
860	1931
861	1931
862	1932
863	1933
864	1933
865	1933
866	1934
867	1934
868	1935
869	1935
870	1936
871	1936
872	1937
873	1937
874	1938
875	1938
876	1938
877	1939
878	1939
879	1940
880	1940
881	1940
882	1941
883	1941
884	1942
885	1942
886	1942
887	1943
888	1943
889	1944
890	1944
891	1944
892	1945
893	1945
894	1946
895	1946
896	1947
897	1947
898	1947
899	1948
900	1948
901	1948
902	1949
903	1949
904	1950
905	1950
906	1951
907	1951
908	1951
909	1952
910	1952
911	1952
912	1953
913	1953
914	1953
915	1954
916	1954
917	1954
918	1955
919	1955
920	1956
921	1956
922	1957
923	1957
924	1958
925	1958
926	1958
927	1958
928	1959
929	1959
930	1959
931	1960
932	1960
933	1960
934	1961
935	1961
936	1961
937	1962
938	1962
939	1963
940	1963
941	1963
942	1964
943	1964
944	1964
945	1965
946	1965
947	1965
948	1966
949	1966
950	1966
951	1967
952	1967
953	1968
954	1968
955	1968
956	1969
957	1969
958	1969
959	1970
960	1970
961	1970
962	1971
963	1971
964	1971
965	1972
966	1972
967	1972
968	1973
969	1973
970	1973
971	1974
972	1974
973	1974
974	1975
975	1975
976	1975
977	1975
978	1976
979	1976
980	1977
981	1977
982	1977
983	1977
984	1978
985	1978
986	1978
987	1978
988	1979
989	1979
990	1979
991	1980
992	1980
993	1980
994	1981
995	1981
996	1981
997	1982
998	1982
999	1982
1000	1983
1001	1983
1002	1983
1003	1983
1004	1984
1005	1984
1006	1984
1007	1984
1008	1985
1009	1985
1010	1985
1011	1985
1012	1985
1013	1985
1014	1986
1015	1986
1016	1986
1017	1986
1018	1986
1019	1987
1020	1987
1021	1987
1022	1987
1023	1988
1024	1988
1025	1988
1026	1988
1027	1989
1028	1989
1029	1989
1030	1989
1031	1989
1032	1990
1033	1990
1034	1990
1035	1990
1036	1990
1037	1990
1038	1991
1039	1991
1040	1991
1041	1991
1042	1991
1043	1992
1044	1992
1045	1992
1046	1992
1047	1992
1048	1992
1049	1993
1050	1993
1051	1993
1052	1993
1053	1993
1054	1993
1055	1994
1056	1994
1057	1994
1058	1994
1059	1994
1060	1994
1061	1994
1062	1995
1063	1995
1064	1995
1065	1995
1066	1995
1067	1995
1068	1995
1069	1996
1070	1996
1071	1996
1072	1996
1073	1996
1074	1996
1075	1996
1076	1996
1077	1997
1078	1997
1079	1997
1080	1997
1081	1997
1082	1997
1083	1997
1084	1997
1085	1997
1086	1997
1087	1997
1088	1997
1089	1997
1090	1998
1091	1998
1092	1998
1093	1998
1094	1998
1095	1998
1096	1999
1097	1999
1098	1999
1099	1999
1100	1999
1101	1999
1102	1999
1103	1999
1104	1999
1105	2000
1106	2000
1107	2000
1108	2000
1109	2000
1110	2000
1111	2000
1112	2000
1113	2000
1114	2000
1115	2000
1116	2000
1117	2000
1118	2000
1119	2000
1120	2000
1121	2000
1122	2000
1123	2001
1124	2001
1125	2001
1126	2001
1127	2001
1128	2001
1129	2001
1130	2001
1131	2001
1132	2001
1133	2001
1134	2001
1135	2001
1136	2001
1137	2001
1138	2001
1139	2001
1140	2001
1141	2001
1142	2001
1143	2001
1144	2001
1145	2001
1146	2001
1147	2001
1148	2001
1149	2001
1150	2001
1151	2001
1152	2001
1153	2001
1154	2001
1155	2001
1156	2001
1157	2001
1158	2002
1159	2002
1160	2002
1161	2002
1162	2002
1163	2002
1164	2002
1165	2002
1166	2002
1167	2002
1168	2002
1169	2002
1170	2002
1171	2002
1172	2002
1173	2002
1174	2002
1175	2002
1176	2002
1177	2002
1178	2002
1179	2002
1180	2002
1181	2002
1182	2002
1183	2002
1184	2002
1185	2002
1186	2002
1187	2001
1188	2001
1189	2001
1190	2001
1191	2001
1192	2001
1193	2001
1194	2001
1195	2002
1196	2002
1197	2002
1198	2002
1199	2001
1200	2001
1201	2001
1202	2001
1203	2001
1204	2001
1205	2001
1206	2001
1207	2001
1208	2001
1209	2001
1210	2001
1211	2001
1212	2001
1213	2001
1214	2001
1215	2001
1216	2001
1217	2001
1218	2001
1219	2001
1220	2001
1221	2001
1222	2001
1223	2001
1224	2001
1225	2001
1226	2001
1227	2001
1228	2001
1229	2001
1230	2000
1231	2000
1232	2000
1233	2000
1234	2000
1235	2000
1236	2000
1237	2000
1238	2000
1239	2000
1240	2000
1241	2000
1242	2000
1243	2000
1244	1999
1245	1999
1246	1999
1247	1999
1248	1999
1249	1999
1250	1999
1251	1999
1252	1999
1253	1999
1254	1999
1255	1999
1256	1999
1257	1999
1258	1999
1259	1999
1260	1999
1261	1999
1262	1998
1263	1998
1264	1998
1265	1998
1266	1998
1267	1998
1268	1998
1269	1998
1270	1998
1271	1998
1272	1997
1273	1997
1274	1997
1275	1997
1276	1997
1277	1997
1278	1997
1279	1997
1280	1997
1281	1997
1282	1997
1283	1997
1284	1997
1285	1996
1286	1996
1287	1996
1288	1996
1289	1996
1290	1996
1291	1995
1292	1995
1293	1995
1294	1995
1295	1995
1296	1995
1297	1995
1298	1995
1299	1994
1300	1994
1301	1994
1302	1994
1303	1994
1304	1994
1305	1994
1306	1993
1307	1993
1308	1993
1309	1993
1310	1993
1311	1993
1312	1993
1313	1993
1314	1992
1315	1992
1316	1992
1317	1992
1318	1992
1319	1992
1320	1991
1321	1991
1322	1991
1323	1991
1324	1991
1325	1990
1326	1990
1327	1990
1328	1990
1329	1990
1330	1990
1331	1989
1332	1989
1333	1989
1334	1989
1335	1989
1336	1989
1337	1988
1338	1988
1339	1988
1340	1988
1341	1987
1342	1987
1343	1987
1344	1987
1345	1987
1346	1987
1347	1986
1348	1986
1349	1986
1350	1986
1351	1986
1352	1986
1353	1986
1354	1985
1355	1985
1356	1985
1357	1985
1358	1985
1359	1984
1360	1984
1361	1984
1362	1984
1363	1984
1364	1983
1365	1983
1366	1983
1367	1983
1368	1983
1369	1982
1370	1982
1371	1982
1372	1982
1373	1982
1374	1981
1375	1981
1376	1981
1377	1981
1378	1980
1379	1980
1380	1980
1381	1980
1382	1979
1383	1979
1384	1979
1385	1979
1386	1978
1387	1978
1388	1978
1389	1978
1390	1977
1391	1977
1392	1977
1393	1977
1394	1976
1395	1976
1396	1976
1397	1976
1398	1976
1399	1975
1400	1975
1401	1975
1402	1975
1403	1975
1404	1975
1405	1974
1406	1974
1407	1974
1408	1974
1409	1973
1410	1973
1411	1973
1412	1973
1413	1973
1414	1972
1415	1972
1416	1972
1417	1972
1418	1971
1419	1971
1420	1971
1421	1971
1422	1970
1423	1970
1424	1970
1425	1969
1426	1969
1427	1969
1428	1969
1429	1969
1430	1969
1431	1968
1432	1968
1433	1968
1434	1968
1435	1967
1436	1967
1437	1967
1438	1966
1439	1966
1440	1966
1441	1965
1442	1965
1443	1965
1444	1965
1445	1964
1446	1964
1447	1964
1448	1964
1449	1963
1450	1963
1451	1963
1452	1962
1453	1962
1454	1962
1455	1961
1456	1961
1457	1961
1458	1961
1459	1960
1460	1960
1461	1960
1462	1960
1463	1959
1464	1959
1465	1959
1466	1958
1467	1958
1468	1958
1469	1957
1470	1957
1471	1957
1472	1957
1473	1956
1474	1956
1475	1956
1476	1955
1477	1955
1478	1955
1479	1954
1480	1954
1481	1954
1482	1953
1483	1953
1484	1953
1485	1953
1486	1952
1487	1952
1488	1952
1489	1951
1490	1951
1491	1951
1492	1950
1493	1950
1494	1950
1495	1949
1496	1949
1497	1949
1498	1948
1499	1948
1500	1948
1501	1948
1502	1947
1503	1947
1504	1947
1505	1946
1506	1946
1507	1946
1508	1945
1509	1945
1510	1944
1511	1944
1512	1944
1513	1943
1514	1943
1515	1943
1516	1942
1517	1942
1518	1942
1519	1941
1520	1941
1521	1941
1522	1940
1523	1940
1524	1939
1525	1939
1526	1938
1527	1938
1528	1938
1529	1938
1530	1937
1531	1937
1532	1937
1533	1936
1534	1936
1535	1935
1536	1935
1537	1935
1538	1934
1539	1934
1540	1933
1541	1933
1542	1933
1543	1932
1544	1932
1545	1932
1546	1931
1547	1931
1548	1930
1549	1930
1550	1930
1551	1929
1552	1929
1553	1929
1554	1928
1555	1928
1556	1927
1557	1927
1558	1926
1559	1926
1560	1925
1561	1925
1562	1924
1563	1924
1564	1923
1565	1923
1566	1923
1567	1922
1568	1922
1569	1921
1570	1921
1571	1920
1572	1920
1573	1919
1574	1919
1575	1918
1576	1918
1577	1918
1578	1917
1579	1917
1580	1916
1581	1916
1582	1915
1583	1915
1584	1914
1585	1914
1586	1913
1587	1913
1588	1912
1589	1912
1590	1912
1591	1911
1592	1911
1593	1910
1594	1910
1595	1909
1596	1909
1597	1908
1598	1908
1599	1908
1600	1907
1601	1907
1602	1906
1603	1906
1604	1905
1605	1905
1606	1904
1607	1904
1608	1903
1609	1903
1610	1902
1611	1902
1612	1901
1613	1901
1614	1900
1615	1900
1616	1899
1617	1898
1618	1898
1619	1898
1620	1897
1621	1897
1622	1896
1623	1895
1624	1895
1625	1894
1626	1894
1627	1894
1628	1893
1629	1893
1630	1892
1631	1892
1632	1891
1633	1891
1634	1890
1635	1890
1636	1889
1637	1888
1638	1888
1639	1888
1640	1887
1641	1887
1642	1886
1643	1886
1644	1885
1645	1885
1646	1884
1647	1883
1648	1883
1649	1882
1650	1882
1651	1881
1652	1881
1653	1880
1654	1880
1655	1879
1656	1879
1657	1878
1658	1878
1659	1877
1660	1877
1661	1876
1662	1876
1663	1875
1664	1875
1665	1874
1666	1874
1667	1873
1668	1873
1669	1872
1670	1872
1671	1871
1672	1871
1673	1870
1674	1870
1675	1869
1676	1869
1677	1868
1678	1868
1679	1867
1680	1867
1681	1866
1682	1866
1683	1865
1684	1865
1685	1864
1686	1863
1687	1863
1688	1862
1689	1862
1690	1861
1691	1861
1692	1860
1693	1859
1694	1859
1695	1858
1696	1858
1697	1857
1698	1857
1699	1856
1700	1855
1701	1855
1702	1854
1703	1854
1704	1853
1705	1852
1706	1852
1707	1851
1708	1851
1709	1850
1710	1849
1711	1849
1712	1848
1713	1848
1714	1847
1715	1846
1716	1845
1717	1845
1718	1844
1719	1844
1720	1843
1721	1842
1722	1841
1723	1840
1724	1840
1725	1839
1726	1839
1727	1838
1728	1837
1729	1837
1730	1836
1731	1836
1732	1835
1733	1835
1734	1834
1735	1834
1736	1833
1737	1833
1738	1832
1739	1832
1740	1831
1741	1830
1742	1830
1743	1829
1744	1828
1745	1828
1746	1827
1747	1826
1748	1826
1749	1825
1750	1824
1751	1824
1752	1823
1753	1822
1754	1822
1755	1821
1756	1820
1757	1820
1758	1819
1759	1818
1760	1818
1761	1817
1762	1816
1763	1816
1764	1815
1765	1815
1766	1814
1767	1813
1768	1812
1769	1812
1770	1811
1771	1810
1772	1810
1773	1809
1774	1808
1775	1807
1776	1807
1777	1806
1778	1806
1779	1805
1780	1804
1781	1803
1782	1803
1783	1802
1784	1801
1785	1800
1786	1799
1787	1799
1788	1798
1789	1797
1790	1796
1791	1795
1792	1795
1793	1794
1794	1793
1795	1792
1796	1792
1797	1791
1798	1790
1799	1789
1800	1789
1801	1788
1802	1788
1803	1787
1804	1786
1805	1785
1806	1784
1807	1783
1808	1782
1809	1781
1810	1780
1811	1780
1812	1779
1813	1779
1814	1778
1815	1777
1816	1776
1817	1775
1818	1774
1819	1774
1820	1773
1821	1773
1822	1772
1822	1771
1823	1770
1824	1769
1825	1768
1826	1767
1827	1766
1828	1765
1829	1764
1830	1763
1831	1763
1832	1762
1833	1761
1834	1760
1835	1759
1836	1759
1837	1758
1838	1757
1839	1756
1840	1755
1841	1754
1842	1753
1843	1752
1844	1751
1845	1750
1846	1749
1847	1748
1848	1747
1849	1747
1850	1746
1851	1745
1852	1744
1853	1743
1854	1742
1855	1741
1856	1740
1857	1739
1858	1738
1859	1737
1860	1736
1861	1735
1862	1734
1863	1733
1864	1733
1865	1732
1866	1731
1866	1730
1867	1729
1868	1728
1869	1727
1870	1726
1871	1725
1872	1724
1873	1723
1874	1722
1875	1721
1876	1720
1877	1719
1878	1718
1879	1717
1880	1716
1880	1715
1881	1714
1882	1713
1883	1712
1883	1711
1884	1710
1885	1709
1885	1708
1886	1707
1887	1706
1887	1705
1888	1704
1889	1703
1889	1702
1890	1701
1891	1700
1892	1699
1892	1698
1893	1697
1894	1696
1895	1695
1896	1694
1896	1693
1897	1692
1898	1691
1898	1690
1899	1689
1900	1688
1901	1687
1902	1686
1903	1685
1903	1684
1904	1683
1904	1682
1905	1681
1906	1680
1907	1679
1908	1678
1908	1677
1909	1676
1910	1675
1910	1674
1911	1673
1912	1672
1913	1671
1914	1670
1914	1669
1915	1668
1916	1667
1916	1666
1917	1665
1918	1664
1918	1663
1919	1662
1920	1661
1921	1660
1922	1659
1922	1658
1923	1657
1924	1656
1924	1655
1925	1654
1925	1653
1926	1652
1926	1651
1927	1650
1927	1649
1928	1648
1928	1647
1929	1646
1929	1645
1930	1644
1930	1643
1931	1642
1931	1641
1932	1640
1933	1639
1933	1638
1933	1637
1933	1636
1934	1635
1934	1634
1935	1633
1935	1632
1935	1631
1936	1630
1937	1629
1937	1628
1937	1627
1938	1626
1938	1625
1939	1624
1939	1623
1940	1622
1940	1621
1941	1620
1941	1619
1942	1618
1942	1617
1943	1616
1943	1615
1944	1614
1944	1613
1945	1612
1945	1611
1946	1610
1946	1609
1947	1608
1947	1607
1947	1606
1948	1605
1948	1604
1949	1603
1949	1602
1950	1601
1950	1600
1951	1599
1951	1598
1952	1597
1952	1596
1953	1595
1953	1594
1954	1593
1954	1592
1954	1591
1955	1590
1955	1589
1956	1588
1956	1587
1956	1586
1956	1585
1957	1584
1957	1583
1957	1582
1958	1581
1958	1580
1958	1579
1959	1578
1959	1577
1959	1576
1960	1575
1960	1574
1960	1573
1960	1572
1961	1571
1961	1570
1961	1569
1962	1568
1962	1567
1962	1566
1963	1565
1963	1564
1963	1563
1963	1562
1964	1561
1964	1560
1965	1559
1965	1558
1966	1557
1966	1556
1966	1555
1967	1554
1967	1553
1967	1552
1967	1551
1968	1550
1968	1549
1969	1548
1969	1547
1969	1546
1970	1545
1970	1544
1970	1543
1971	1542
1971	1541
1971	1540
1971	1539
1971	1538
1972	1537
1972	1536
1972	1535
1972	1534
1972	1533
1973	1532
1973	1531
1973	1530
1973	1529
1973	1528
1974	1527
1974	1526
1974	1525
1975	1524
1975	1523
1975	1522
1975	1521
1976	1520
1976	1519
1976	1518
1976	1517
1977	1516
1977	1515
1977	1514
1977	1513
1977	1512
1978	1511
1978	1510
1978	1509
1978	1508
1979	1507
1979	1506
1979	1505
1979	1504
1979	1503
1980	1502
1980	1501
1980	1500
1980	1499
1980	1498
1980	1497
1981	1496
1981	1495
1981	1494
1981	1493
1982	1492
1982	1491
1982	1490
1982	1489
1982	1488
1982	1487
1983	1486
1983	1485
1983	1484
1983	1483
1984	1482
1984	1481
1984	1480
1984	1479
1985	1478
1985	1477
1985	1476
1985	1475
1985	1474
1985	1473
1985	1472
1985	1471
1986	1470
1986	1469
1986	1468
1986	1467
1986	1466
1986	1465
1986	1464
1986	1463
1987	1462
1987	1461
1987	1460
1987	1459
1987	1458
1987	1457
1987	1456
1987	1455
1987	1454
1987	1453
1988	1452
1988	1451
1988	1450
1988	1449
1989	1448
1989	1447
1989	1446
1989	1445
1989	1444
1989	1443
1989	1442
1989	1441
1990	1440
1990	1439
1990	1438
1990	1437
1990	1436
1990	1435
1990	1434
1990	1433
1990	1432
1990	1431
1990	1430
1990	1429
1990	1428
1990	1427
1990	1426
1991	1425
1991	1424
1991	1423
1991	1422
1991	1421
1991	1420
1991	1419
1991	1418
1991	1417
1991	1416
1991	1415
1991	1414
1991	1413
1991	1412
1991	1411
1992	1410
1992	1409
1992	1408
1992	1407
1993	1406
1993	1405
1993	1404
1993	1403
1993	1402
1993	1401
1993	1400
1993	1399
1993	1398
1993	1397
1993	1396
1993	1395
1993	1394
1993	1393
1993	1392
1993	1391
1993	1390
1993	1389
1993	1388
1993	1387
1993	1386
1993	1385
1993	1384
1993	1383
1993	1382
1993	1381
1993	1380
1993	1379
1993	1378
1993	1377
1993	1376
1993	1375
1993	1374
1993	1373
1993	1372
1993	1371
1993	1370
1993	1369
1993	1368
1992	1367
1992	1366
1992	1365
1992	1364
1992	1363
1992	1362
1992	1361
1992	1360
1992	1359
1992	1358
1992	1357
1992	1356
1992	1355
1991	1354
1991	1353
1991	1352
1991	1351
1991	1350
1991	1349
1991	1348
1991	1347
1990	1346
1990	1345
1990	1344
1990	1343
1990	1342
1990	1341
1990	1340
1990	1339
1990	1338
1990	1337
1990	1336
1990	1335
1990	1334
1990	1333
1990	1332
1990	1331
1990	1330
1990	1329
1990	1328
1990	1327
1990	1326
1989	1325
1989	1324
1989	1323
1989	1322
1989	1321
1989	1320
1989	1319
1989	1318
1989	1317
1989	1316
1989	1315
1988	1314
1988	1313
1988	1312
1988	1311
1987	1310
1987	1309
1987	1308
1986	1307
1986	1306
1986	1305
1986	1304
1986	1303
1986	1302
1986	1301
1986	1300
1986	1299
1986	1298
1985	1297
1985	1296
1985	1295
1985	1294
1985	1293
1985	1292
1985	1291
1984	1290
1984	1289
1984	1288
1984	1287
1983	1286
1983	1285
1983	1284
1983	1283
1983	1282
1983	1281
1983	1280
1983	1279
1983	1278
1983	1277
1983	1276
1983	1275
1983	1274
1983	1273
1983	1272
1983	1271
1983	1270
1982	1269
1982	1268
1981	1267
1981	1266
1981	1265
1980	1264
1980	1263
1980	1262
1979	1261
1979	1260
1979	1259
1979	1258
1978	1257
1978	1256
1978	1255
1978	1254
1977	1253
1977	1252
1977	1251
1977	1250
1976	1249
1976	1248
1976	1247
1976	1246
1976	1245
1976	1244
1975	1243
1975	1242
1975	1241
1974	1240
1974	1239
1974	1238
1974	1237
1974	1236
1974	1235
1974	1234
1974	1233
1973	1232
1973	1231
1973	1230
1973	1229
1973	1228
1973	1227
1973	1226
1973	1225
1973	1224
1972	1223
1972	1222
1972	1221
1972	1220
1971	1219
1971	1218
1971	1217
1971	1216
1971	1215
1970	1214
1970	1213
1970	1212
1970	1211
1970	1210
1969	1209
1969	1208
1969	1207
1969	1206
1968	1205
1968	1204
1968	1203
1967	1202
1967	1201
1967	1200
1967	1199
1967	1198
1967	1197
1966	1196
1966	1195
1966	1194
1966	1193
1966	1192
1965	1191
1965	1190
1965	1189
1964	1188
1964	1187
1964	1186
1963	1185
1963	1184
1963	1183
1962	1182
1962	1181
1962	1180
1962	1179
1961	1178
1961	1177
1961	1176
1961	1175
1960	1174
1960	1173
1960	1172
1960	1171
1960	1170
1959	1169
1959	1168
1959	1167
1959	1166
1958	1165
1958	1164
1958	1163
1958	1162
1958	1161
1957	1160
1957	1159
1956	1158
1956	1157
1956	1156
1956	1155
1955	1154
1955	1153
1955	1152
1955	1151
1955	1150
1954	1149
1954	1148
1954	1147
1954	1146
1954	1145
1954	1144
1954	1143
1953	1142
1953	1141
1953	1140
1952	1139
1952	1138
1952	1137
1952	1136
1951	1135
1951	1134
1951	1133
1950	1132
1950	1131
1950	1130
1949	1129
1949	1128
1949	1127
1948	1126
1948	1125
1948	1124
1947	1123
1947	1122
1947	1121
1946	1120
1946	1119
1946	1118
1946	1117
1945	1116
1945	1115
1945	1114
1944	1113
1944	1112
1944	1111
1943	1110
1943	1109
1943	1108
1943	1107
1942	1106
1942	1105
1942	1104
1942	1103
1942	1102
1941	1101
1941	1100
1941	1099
1941	1098
1940	1097
1940	1096
1940	1095
1940	1094
1940	1093
1940	1092
1940	1091
1940	1090
1939	1089
1939	1088
1939	1087
1939	1086
1939	1085
1938	1084
1938	1083
1937	1082
1937	1081
1937	1080
1936	1079
1936	1078
1936	1077
1936	1076
1935	1075
1935	1074
1935	1073
1935	1072
1934	1071
1934	1070
1934	1069
1934	1068
1933	1067
1933	1066
1933	1065
1933	1064
1933	1063
1932	1062
1932	1061
1932	1060
1932	1059
1931	1058
1931	1057
1931	1056
1931	1055
1930	1054
1930	1053
1930	1052
1930	1051
1930	1050
1929	1049
1929	1048
1929	1047
1929	1046
1929	1045
1929	1044
1928	1043
1928	1042
1928	1041
1928	1040
1927	1039
1927	1038
1927	1037
1926	1036
1926	1035
1926	1034
1926	1033
1925	1032
1925	1031
1925	1030
1925	1029
1925	1028
1925	1027
1924	1026
1924	1025
1924	1024
1923	1023
1923	1022
1923	1021
1923	1020
1923	1019
1923	1018
1923	1017
1923	1016
1923	1015
1923	1014
1923	1013
1923	1012
1922	1011
1922	1010
1922	1009
1922	1008
1922	1007
1922	1006
1921	1005
1921	1004
1921	1003
1921	1002
1921	1001
1920	1000
1920	999
1920	998
1920	997
1920	996
1920	995
1919	994
1919	993
1919	992
1919	991
1918	990
1918	989
1917	988
1917	987
1917	986
1917	985
1917	984
1917	983
1916	982
1916	981
1916	980
1915	979
1915	978
1915	977
1914	976
1914	975
1914	974
1914	973
1913	972
1913	971
1913	970
1913	969
1912	968
1912	967
1912	966
1912	965
1911	964
1911	963
1911	962
1911	961
1910	960
1910	959
1910	958
1910	957
1909	956
1909	955
1909	954
1908	953
1908	952
1908	951
1908	950
1907	949
1907	948
1907	947
1907	946
1906	945
1906	944
1906	943
1906	942
1905	941
1905	940
1905	939
1905	938
1905	937
1904	936
1904	935
1904	934
1904	933
1903	932
1903	931
1903	930
1902	929
1902	928
1901	927
1901	926
1901	925
1900	924
1900	923
1900	922
1899	921
1899	920
1899	919
1898	918
1898	917
1898	916
1897	915
1897	914
1896	913
1896	912
1896	911
1895	910
1895	909
1895	908
1895	907
1894	906
1894	905
1893	904
1893	903
1893	902
1893	901
1892	900
1892	899
1891	898
1891	897
1891	896
1890	895
1890	894
1889	893
1889	892
1889	891
1888	890
1888	889
1888	888
1887	887
1887	886
1886	885
1886	884
1886	883
1885	882
1885	881
1885	880
1884	879
1884	878
1884	877
1883	876
1883	875
1883	874
1882	873
1882	872
1881	871
1881	870
1881	869
1880	868
1880	867
1880	866
1879	865
1879	864
1879	863
1878	862
1878	861
1877	860
1877	859
1876	858
1876	857
1876	856
1875	855
1875	854
1874	853
1874	852
1874	851
1873	850
1873	849
1872	848
1872	847
1871	846
1871	845
1871	844
1871	843
1870	842
1870	841
1870	840
1869	839
1869	838
1868	837
1868	836
1867	835
1867	834
1866	833
1866	832
1866	831
1865	830
1865	829
1864	828
1864	827
1863	826
1863	825
1863	824
1862	823
1862	822
1861	821
1861	820
1861	819
1861	818
1860	817
1860	816
1859	815
1859	814
1858	813
1858	812
1857	811
1857	810
1857	809
1856	808
1856	807
1855	806
1854	805
1854	804
1853	803
1853	802
1853	801
1852	800
1852	799
1851	798
1851	797
1851	796
1850	795
1849	794
1849	793
1848	792
1848	791
1848	790
1847	789
1847	788
1846	787
1846	786
1845	785
1845	784
1844	783
1844	782
1843	781
1843	780
1843	779
1842	778
1842	777
1841	776
1841	775
1840	774
1840	773
1839	772
1839	771
1838	770
1838	769
1837	768
1837	767
1836	766
1836	765
1835	764
1835	763
1834	762
1833	761
1833	760
1832	759
1832	758
1832	757
1831	756
1831	755
1830	754
1830	753
1830	752
1829	751
1829	750
1828	749
1828	748
1827	747
1827	746
1826	745
1826	744
1825	743
1824	742
1824	741
1823	740
1823	739
1822	738
1821	737
1821	736
1820	735
1820	734
1819	733
1819	732
1818	731
1818	730
1818	729
1817	728
1817	727
1816	726
1815	725
1815	724
1814	723
1814	722
1814	721
1813	720
1812	719
1812	718
1812	717
1811	716
1810	715
1810	714
1809	713
1809	712
1808	711
1808	710
1807	709
1806	708
1805	707
1805	706
1804	705
1804	704
1803	703
1803	702
1802	701
1801	700
1800	699
1800	698
1799	697
1799	696
1798	695
1797	694
1797	693
1796	692
1796	691
1795	690
1795	689
1794	688
1793	687
1792	686
1792	685
1791	684
1791	683
1790	682
1789	681
1789	680
1788	679
1787	678
1787	677
1786	676
1786	675
1785	674
1784	673
1784	672
1783	671
1782	670
1782	669
1781	668
1780	667
1780	666
1779	665
1779	664
1778	663
1777	662
1777	661
1776	660
1775	659
1774	658
1773	657
1772	656
1772	655
1771	654
1771	653
1770	652
1769	651
1769	650
1768	649
1767	648
1766	647
1766	646
1765	645
1764	644
1763	643
1763	642
1762	641
1761	640
1761	639
1760	639
1759	638
1759	637
1758	636
1757	635
1756	634
1755	633
1755	632
1754	631
1753	630
1752	629
1751	628
1750	627
1749	627
1748	626
1747	625
1746	624
1745	623
1744	622
1743	621
1742	620
1741	619
1740	618
1739	617
1738	616
1737	615
1736	614
1735	613
1734	612
1733	611
1732	610
1731	609
1730	608
1729	607
1728	606
1727	605
1726	604
1725	604
1724	603
1723	602
1722	601
1721	600
1720	599
1719	598
1718	597
1717	597
1716	596
1715	595
1714	594
1713	593
1712	592
1711	591
1710	591
1709	590
1708	589
1707	588
1706	588
1705	587
1704	586
1703	585
1702	585
1701	584
1700	583
1699	582
1698	581
1697	581
1696	580
1695	579
1694	579
1693	578
1692	578
1691	577
1690	576
1689	575
1688	574
1687	573
1686	572
1685	572
1684	571
1683	571
1682	570
1681	570
1680	569
1679	569
1678	568
1677	567
1676	566
1675	565
1674	565
1673	564
1672	564
1671	563
1670	562
1669	562
1668	561
1667	560
1666	559
1665	559
1664	558
1663	558
1662	557
1661	556
1660	556
1659	555
1658	554
1657	554
1656	553
1655	553
1654	552
1653	551
1652	550
1651	550
1650	549
1649	549
1648	548
1647	547
1646	546
1645	546
1644	545
1643	545
1642	544
1641	544
1640	543
1639	542
1638	542
1637	541
1636	541
1635	540
1634	539
1633	539
1632	538
1631	538
1630	537
1629	537
1628	536
1627	535
1626	534
1625	533
1624	532
1623	532
1622	531
1621	531
1620	530
1619	530
1618	530
1617	529
1616	528
1615	527
1614	527
1613	526
1612	525
1611	525
1610	524
1609	524
1608	523
1607	523
1606	522
1605	522
1604	521
1603	521
1602	520
1601	520
1600	519
1599	519
1598	518
1597	518
1596	517
1595	517
1594	516
1593	516
1592	515
1591	515
1590	514
1589	514
1588	514
1587	513
1586	512
1585	512
1584	511
1583	511
1582	511
1581	511
1580	510
1579	510
1578	509
1577	509
1576	509
1575	508
1574	508
1573	507
1572	507
1571	506
1570	506
1569	505
1568	505
1567	504
1566	504
1565	503
1564	503
1563	503
1562	502
1561	502
1560	501
1559	501
1558	500
1557	500
1556	500
1555	500
1554	499
1553	499
1552	498
1551	498
1550	498
1549	497
1548	497
1547	496
1546	496
1545	496
1544	495
1543	495
1542	495
1541	495
1540	494
1539	494
1538	493
1537	493
1536	493
1535	492
1534	492
1533	492
1532	491
1531	491
1530	491
1529	490
1528	490
1527	490
1526	490
1525	490
1524	489
1523	489
1522	489
1521	488
1520	488
1519	488
1518	488
1517	487
1516	487
1515	487
1514	487
1513	486
1512	486
1511	486
1510	486
1509	485
1508	485
1507	485
1506	485
1505	484
1504	484
1503	484
1502	484
1501	483
1500	483
1499	483
1498	483
1497	482
1496	482
1495	482
1494	481
1493	481
1492	481
1491	481
1490	481
1489	480
1488	480
1487	480
1486	480
1485	480
1484	479
1483	479
1482	479
1481	479
1480	478
1479	478
1478	478
1477	478
1476	478
1475	477
1474	477
1473	477
1472	477
1471	477
1470	477
1469	477
1468	477
1467	476
1466	476
1465	476
1464	476
1463	476
1462	475
1461	475
1460	475
1459	475
1458	475
1457	474
1456	474
1455	474
1454	474
1453	474
1452	474
1451	474
1450	474
1449	474
1448	473
1447	473
1446	473
1445	473
1444	472
1443	472
1442	472
1441	472
1440	472
1439	472
1438	472
1437	472
1436	472
1435	471
1434	471
1433	471
1432	471
1431	471
1430	471
1429	471
1428	471
1427	471
1426	470
1425	470
1424	470
1423	470
1422	470
1421	470
1420	469
1419	469
1418	469
1417	469
1416	469
1415	469
1414	469
1413	469
1412	469
1411	469
1410	469
1409	468
1408	468
1407	468
1406	468
1405	468
1404	468
1403	468
1402	468
1401	468
1400	468
1399	468
1398	468
1397	467
1396	467
1395	467
1394	467
1393	467
1392	467
1391	467
1390	467
1389	467
1388	467
1387	466
1386	466
1385	466
1384	466
1383	466
1382	466
1381	466
1380	466
1379	466
1378	466
1377	466
1376	466
1375	466
1374	466
1373	465
1372	465
1371	465
1370	465
1369	465
1368	465
1367	465
1366	465
1365	465
1364	465
1363	465
1362	465
1361	465
1360	465
1359	465
1358	465
1357	465
1356	465
1355	465
1354	465
1353	465
1352	465
1351	465
1350	465
1349	465
1348	465
1347	465
1346	465
1345	465
1344	465
1343	465
1342	465
1341	465
1340	465
1339	465
1338	465
1337	465
1336	465
1335	465
