(106, 1, 2)
[[[142  42]]

 [[141  43]]

 [[137  43]]

 [[136  44]]

 [[134  44]]

 [[133  45]]

 [[132  45]]

 [[131  46]]

 [[130  46]]

 [[128  48]]

 [[127  48]]

 [[126  49]]

 [[125  49]]

 [[122  52]]

 [[121  52]]

 [[112  61]]

 [[112  62]]

 [[110  64]]

 [[110  65]]

 [[108  67]]

 [[108  68]]

 [[107  69]]

 [[107  70]]

 [[106  71]]

 [[106  72]]

 [[105  73]]

 [[105  75]]

 [[104  76]]

 [[104  78]]

 [[103  79]]

 [[103  81]]

 [[102  82]]

 [[102  85]]

 [[101  86]]

 [[101 111]]

 [[102 112]]

 [[102 113]]

 [[104 115]]

 [[105 115]]

 [[106 116]]

 [[107 116]]

 [[108 117]]

 [[110 117]]

 [[111 118]]

 [[115 118]]

 [[116 119]]

 [[121 119]]

 [[122 120]]

 [[134 120]]

 [[135 119]]

 [[141 119]]

 [[142 118]]

 [[146 118]]

 [[147 117]]

 [[150 117]]

 [[151 116]]

 [[154 116]]

 [[155 115]]

 [[156 115]]

 [[157 114]]

 [[159 114]]

 [[161 112]]

 [[162 112]]

 [[164 110]]

 [[165 110]]

 [[171 104]]

 [[171 103]]

 [[173 101]]

 [[173 100]]

 [[174  99]]

 [[174  98]]

 [[175  97]]

 [[175  96]]

 [[176  95]]

 [[176  94]]

 [[177  93]]

 [[177  92]]

 [[178  91]]

 [[178  89]]

 [[179  88]]

 [[179  85]]

 [[180  84]]

 [[180  72]]

 [[179  71]]

 [[179  68]]

 [[178  67]]

 [[178  65]]

 [[177  64]]

 [[177  63]]

 [[175  61]]

 [[175  60]]

 [[173  58]]

 [[173  57]]

 [[170  54]]

 [[169  54]]

 [[162  47]]

 [[161  47]]

 [[160  46]]

 [[159  46]]

 [[158  45]]

 [[157  45]]

 [[156  44]]

 [[155  44]]

 [[154  43]]

 [[150  43]]

 [[149  42]]]
